3061
3072
3075
4012
4066
4068
4069
1001
1003
1004
1011
1031
1032
1046
2015
2014
2047
2126
2127
2148
2150
2151
2152
2154
2170
2175
2187
3064
3125
3129
3132
3134
3137
3170
3176
3177
3178
3184
3185
3193
3220
3221
3271
3272
3273
3310
3311
3346
3354
3406
3407
3408
3409
3410
3418
3419
3420
3423
3424
3429
3454
3500
3501
3502
3506
3507
3516
3517
3564
3567
3568
3572
3573
3574
3575
3576
3586
3591
3594
3596
3598
3599
3601
3602
3628
3629
3719
3721
4101
4105
4107
4108
4129
4133
5004
5007
1063
2020
2021
2022
3204
3206
3216
3217
3276
3318
3322
3361
4071
4091
4093
2099
2102
2116
3011
3171
3191
3196
3198
3199
3213
3091
3269
3275
3655