nothing
1017
1018
1019
1021
1022
1024
1034
1035
1037
1048
1057
1066
1068
1071
2007
2008
2014
2016
2027
2033
2043
2083
2084
2085
2086
2091
2093
2094
2097
2103
2105
2108
2113
2115
2117
2118
2120
2121
2123
2124
2125
2128
2129
2130
2131
2132
2134
2147
2159
2161
2162
2163
2164
2166
2167
2169
2172
2173
2174
2186
2192
2193
2194
2195
2196
3000
3009
3012
3015
3024
3026
3032
3033
3043
3046
3047
3048
3049
3050
3051
3054
3065
3066
3067
3068
3069
3070
3071
3076
3077
3088
3089
3090
3097
3100
3101
3102
3105
3112
3113
3115
3116
3118
3119
3120
3123
3138
3139
3141
3142
3277
3278
3286
3289
3288
3291
3294
3302
3303
3304
3305
3307
3308
3422
3426
3432
3434
3435
3437
3438
3441
3455
3461
3503
3505
3509
3513
3514
3510
3511
3512
3515
3518
3532
3534
3535
3536
3537
3538
3539
3543
3545
3551
3563
3564
3565
3566
3577
3578
3579
3580
3582
3583
3604
3607
3608
3610
3611
3612
3613
3614
3615
3616
3617
3618
3619
3620
3621
3622
3623
3624
3625
3626
3627
3632
3633
3635
3636
3637
3638
3641
3645
3646
3662
3663
3672
3680
3686
3689
3692
3692
3696
3699
3700
3720
4002
4003
4004
4005
4006
4007
4010
4011
4013
4014
4015
4016
4017
4018
4025
4028
4052
4053
4055
4056
4062
4063
4064
4079
4080
4081
4085
4086
4087
4089
4090
4094
