1000
1001
1003
1004
1010
1011
1023
1026
1031
1032
1038
1039
1040
1046
1060
1063
2002
2003
2004
2005
2006
2013
2014
2015
2017
2020
2021
2022
2028
2029
2030
2047
2052
2053
2081
2082
2099
2100
2102
2106
2109
2116
2126
2127
2148
2150
2151
2152
2153
2154
2158
2170
2175
2181
2187
3011
3061
3064
3072
3074
3075
3081
3082
3091
3125
3129
3132
3134
3137
3168
3170
3171
3176
3177
3178
3184
3185
3191
3193
3196
3198
3199
3204
3205
3206
3207
3208
3209
3210
3213
3214
3215
3216
3217
3218
3219
3220
3221
3222
3223
3224
3242
3244
3250
3251
3254
3255
3256
3257
3258
3259
3260
3261
3262
3263
3264
3266
3267
3269
3270
3271
3272
3273
3275
3276
3293
3299
3301
3310
3311
3312
3318
3322
3326
3327
3328
3329
3336
3337
3338
3339
3340
3341
3342
3343
3344
3345
3346
3354
3359
3361
3406
3407
3408
3409
3410
3418
3419
3420
3423
3424
3428
3429
3448
3454
3500
3501
3502
3506
3507
3516
3517
3521
3522
3523
3524
3525
3526
3528
3531
3552
3564
3567
3568
3569
3570
3572
3573
3574
3575
3576
3585
3586
3587
3589
3591
3593
3594
3595
3596
3597
3598
3599
3600
3601
3602
3628
3629
3655
3659
3682
3701
3702
3703
3704
3719
3721
3722
3723
3729
4008
4012
4019
4020
4024
4060
4066
4068
4069
4070
4071
4073
4074
4078
4084
4091
4093
4101
4105
4107
4108
4109
4110
4111
4129
4133
5003
5004
5007
